95
11
80
71
50
70
34
74
93
74
78
63
39
77
57
56
86
52
85
40
3
30
66
10
89
39
94
80
82
48
73
7
35
48
96
7
93
75
96
6
51
82
27
88
88
76
20
65
80
81
0
54
91
90
61
30
100
65
6
84
51
81
4
22
12
22
23
14
27
40
17
68
90
75
26
41
96
64
54
7
52
19
76
10
11
48
79
10
14
76
95
89
30
94
93
29
68
1
67
63
34
99
82
45
78
50
23
88
67
32
15
47
43
62
54
24
46
84
83
51
45
46
40
18
42
96
12
75
15
57
53
66
37
8
17
11
24
48
98
34
63
74
45
5
81
19
80
59
37
35
16
24
49
69
52
35
17
17
67
80
6
78
9
58
51
97
53
77
43
48
91
5
62
65
60
49
19
100
13
70
43
38
7
20
73
25
84
67
44
13
24
9
69
19
26
36
81
8
7
12
79
79
75
43
70
7
97
46
17
49
9
80
5
42
97
45
97
1
96
79
55
4
14
20
24
25
59
10
6
42
3
41
80
32
37
82
90
45
7
66
71
44
44
77
14
96
15
12
45
48
1
7
9
21
24
88
34
7
71
23
100
64
60
26
46
82
84
8
23
52
0
83
78
34
67
24
50
64
59
80
64
93
72
30
42
81
2
51
99
24
35
85
75
98
8
5
41
83
89
10
69
86
81
6
78
23
33
22
11
62
93
42
84
11
4
7
97
65
85
23
55
95
45
17
92
63
45
25
46
22
97
97
56
59
84
89
55
73
41
85
95
90
10
50
7
80
9
48
88
4
71
35
19
58
67
76
73
36
3
96
40
33
43
43
49
10
74
53
26
48
59
95
18
35
86
21
43
23
39
75
5
98
94
21
48
31
92
54
65
39
77
100
34
61
46
90
78
97
50
32
32
7
81
11
46
50
82
92
52
20
63
41
20
56
2
30
95
51
68
6
70
68
16
8
45
4
35
78
24
63
23
98
68
15
42
82
63
10
2
13
0
75
13
58
7
22
41
9
90
27
31
20
25
53
41
90
49
99
98
28
55
78
0
92
34
20
98
33
31
98
1
76
9
54
100
55
42
81
8
29
36
62
22
17
32
29
6
69
46
76
33
30
22
8
37
14
45
40
2
100
78
7
28
76
39
100
46
64
85
6
68
69
13
12
35
71
51
83
70
46
72
26
92
69
95
62
30
3
40
91
58
43
84
88
11
26
10
20
20
65
79
81
64
34
96
23
90
46
85
16
65
75
73
49
21
90
89
44
85
74
50
11
1
76
68
55
71
36
97
91
19
39
26
13
84
74
35
18
85
7
64
7
93
33
36
49
51
41
79
40
15
98
91
4
0
62
36
9
55
66
80
31
37
35
35
70
32
57
46
67
71
20
25
22
16
18
80
34
27
50
43
37
89
19
20
32
14
97
1
18
83
38
83
30
66
39
96
13
26
30
61
58
18
24
66
89
85
48
18
95
13
56
59
89
40
50
89
42
6
0
29
22
38
71
41
33
47
63
1
4
82
49
100
26
29
100
13
25
83
74
46
42
55
64
12
84
39
44
8
45
23
47
19
98
29
46
76
40
95
62
42
53
29
2
80
24
36
85
39
0
36
36
80
5
7
71
77
67
79
88
45
57
15
17
55
38
58
48
53
1
38
15
15
23
53
33
50
11
69
10
85
80
91
6
96
85
75
87
30
8
18
87
41
1
71
18
48
77
81
8
10
99
57
37
97
33
76
64
94
7
52
88
87
59
46
33
78
89
85
10
43
8
77
69
34
65
30
82
22
90
66
84
46
59
60
12
73
78
37
89
81
35
18
63
48
41
79
19
61
46
26
71
80
52
60
45
90
100
87
44
88
86
28
73
82
56
77
46
96
27
61
4
77
25
1
67
92
62
62
67
48
30
75
42
32
73
12
32
15
46
69
84
8
93
34
97
76
25
4
25
72
52
96
37
58
100
16
57
58
17
49
13
92
0
89
8
41
76
28
8
40
99
72
57
73
73
1
59
28
42
67
90
89
7
96
38
36
37
48
52
25
8
66
100
40
20
48
51
21
17
57
7
83
22
69
26
72
6
45
7
5
77
5
97
13
81
9
39
100
64
93
40
10
15
0
99
58
17
10
100
35
33
92
90
63
24
33
65
28
84
6
77
78
35
71
35
47
80
80
17
16
35
47
32
11
91
25
77
6
89
54
27
62
18
0
33
19
92
0
70
80
77
15
83
84
89
86
73
85
10
17
71
92
20
65
15
46
1
49
54
24
39
7
32
73
75
28
1
60
37
58
13
93
30
25
53
24
12
94
97
2
86
53
80
78
42
11
37
78
41
97
50
52
67
16
42
99
55
22
12
29
72
36
66
24
71
33
82
55
48
73
90
21
21
55
99
39
35
89
17
95
41
48
95
97
43
57
81
63
77
51
31
0
26
1
91
37
20
49
15
80
69
89
36
26
91
21
74
80
36
13
97
1
73
45
13
49
90
25
61
65
44
43
17
40
40
63
98
25
76
15
91
62
55
8
84
82
48
55
54
41
41
88
48
44
40
24
100
5
47
81
35
51
12
36
43
57
61
50
43
66
2
8
42
91
50
88
15
44
84
11
12
60
25
73
16
37
7
94
38
76
21
74
41
61
89
47
63
3
57
63
56
59
68
69
77
3
35
40
18
19
41
34
18
42
82
100
69
31
29
1
33
92
77
46
93
89
75
74
70
75
22
32
45
5
8
48
63
78
64
98
80
73
29
40
79
54
54
68
93
62
72
30
2
60
4
17
32
98
50
13
51
70
8
40
25
90
25
50
4
37
39
59
53
93
12
17
56
32
74
11
86
77
70
3
33
83
41
86
99
20
20
15
12
49
28
20
47
43
34
87
69
22
90
87
0
1
7
76
60
31
56
62
42
76
47
41
85
9
25
20
68
48
98
60
78
37
48
90
97
